1
101
Ron
8000
1
102
Harry
10000
1
103
Larry
400
1
104
Hermione
6000
1
105
Ginny
3000
1
106
Neville
2000
1
107
Draco
4500
1
108
Luna
750
1
109
Cho
1800
1
110
Cedric
1200
1
111
Seamus
900
1
112
Pansy
500
1
113
Dean
300
1
114
Crabbe
250
1
115
Goyle
350
1
116
Parvati
800
1
117
Padma
850
1
118
Blaise
1000
2
201
1500
101
2
102
103
2
202
600
102
1
103
2
203
800
104
3
101
102
105
2
204
400
104
1
106
2
205
700
105
2
107
108
2
206
300
106
2
107
2
207
500
107
2
109
110
2
208
600
108
2
109
2
209
200
109
2
111
2
210
300
110
2
111
2
211
150
111
2
112
2
212
180
112
2
113
2
213
220
113
2
114
2
214
250
114
2
115
2
215
200
115
2
116
2
216
400
116
2
117
2
217
400
117
0
10
